town	birth.year	death.yearst	sex	age.at.death
Williamstown	102	185	F	83
Williamstown	1745	1771	F	26
Williamstown	1744	1772	M	28
Williamstown	1776	1781	F	5
Williamstown	1740	1781	F	41
Williamstown	1745	1782	M	37
Williamstown	1768	1783	M	15
Williamstown	1716	1785	F	69
Williamstown	1710	1785	M	75
Williamstown	1710	1786	F	76
Williamstown	1787	1787	F	0
Williamstown	1734	1788	M	54
Williamstown	1726	1789	F	63
Williamstown	1751	1790	F	39
Williamstown	1790	1793	F	3
Williamstown	1765	1793	F	28
Williamstown	1775	1794	M	19
Williamstown	1793	1794	F	1
Williamstown	1715	1796	M	81
Williamstown	1768	1796	M	28
Williamstown	1775	1796	M	21
Williamstown	1796	1796	F	0
Williamstown	1795	1797	M	2
Williamstown	1723	1798	M	75
North Adams	1770	1798	F	28
Williamstown	1796	1798	M	2
Williamstown	1731	1798	F	67
Williamstown	1728	1798	F	70
North Adams	1798	1800	M	2
Williamstown	1784	1800	F	16
Williamstown	1727	1801	M	74
Williamstown	1761	1802	M	41
Williamstown	1799	1802	M	3
Williamstown	1798	1802	F	4
Williamstown	1788	1802	F	14
Williamstown	1752	1802	F	50
Williamstown	1745	1802	F	57
Williamstown	1784	1803	M	19
Williamstown	1744	1803	M	59
Williamstown	1804	1804	M	0
Williamstown	1772	1805	F	33
Williamstown	1746	1806	M	60
Williamstown	1781	1806	F	25
Williamstown	1768	1806	F	38
Williamstown	1756	1806	F	50
Williamstown	1753	1806	F	53
Williamstown	1726	1807	M	81
Williamstown	1746	1807	F	61
Williamstown	1748	1807	M	59
Williamstown	1752	1807	F	55
Williamstown	1791	1807	F	16
Williamstown	1794	1807	M	13
Williamstown	1807	1807	M	0
Williamstown	1807	1807	M	0
Williamstown	1792	1807	M	15
Williamstown	1757	1807	F	50
Williamstown	1749	1807	M	58
Williamstown	1746	1807	F	61
Williamstown	1766	1808	F	42
Williamstown	1750	1808	M	58
Williamstown	1753	1809	F	42
Williamstown	1786	1809	M	23
Williamstown	1807	1809	M	2
Williamstown	1803	1809	M	6
Williamstown	1774	1809	M	35
Williamstown	1759	1809	M	50
Williamstown	1786	1810	M	24
Williamstown	1810	1810	M	0
Williamstown	1788	1810	M	22
Williamstown	1785	1810	M	25
Williamstown	1782	1810	F	28
Williamstown	1729	1810	M	81
Williamstown	1778	1811	M	33
Williamstown	1800	1811	M	11
Williamstown	1801	1811	M	10
Williamstown	1785	1811	F	26
Williamstown	1770	1813	F	43
Williamstown	1746	1813	F	67
Williamstown	1734	1813	M	79
Williamstown	1749	1814	M	65
Williamstown	1788	1814	F	26
Williamstown	1740	1814	F	74
Williamstown	1733	1814	F	81
Williamstown	1729	1814	M	85
North Adams	1790	1815	F	25
Williamstown	1798	1815	F	17
Williamstown	1814	1815	F	1
Williamstown	1815	1815	M	0
North Adams	1805	1815		10
Williamstown	1765	1815	M	50
Williamstown	1815	1816	M	1
Williamstown	1810	1816	M	6
Williamstown	1793	1816	F	23
Williamstown	1752	1816	M	64
Williamstown	1781	1817	M	36
Williamstown	1800	1817	M	17
Williamstown	1784	1817	F	33
North Adams	1770	1817	F	47
Williamstown	1744	1817	M	73
Williamstown	1794	1818	M	24
Williamstown	1789	1818	F	29
Williamstown	1759	1818	F	59
Williamstown	1755	1818	M	63
Williamstown	1728	1818	M	90
Williamstown	1819	1819	F	0
Williamstown	1817	1819	F	2
Williamstown	1806	1819	F	13
Williamstown	1739	1819	M	80
Williamstown	1759	1820	F	61
Williamstown	1818	1820	F	2
Williamstown	1754	1821	F	67
Williamstown	1758	1821	M	63
Williamstown	1779	1821	F	42
North Adams	1791	1821	F	30
Williamstown	1796	1821	M	25
Williamstown	1797	1821	M	24
Williamstown	1762	1821	F	59
North Adams	1753	1822	M	69
Williamstown	1803	1822	F	19
North Adams	1822	1822	M	0
Williamstown	1801	1822	F	21
Williamstown	1800	1822	F	22
Williamstown	1742	1822	F	80
Williamstown	1772	1823	F	51
Williamstown	1778	1823	M	45
Williamstown	1804	1823	F	19
Williamstown	1803	1823	F	20
Williamstown	1787	1823	F	36
Williamstown	1781	1823	F	42
Williamstown	1815	1824	F	9
Williamstown	1787	1824	F	37
Williamstown	1823	1825	F	2
Williamstown	1821	1825	M	4
Williamstown	1819	1825	F	6
Williamstown	1807	1825	M	18
Williamstown	1749	1825	F	76
Williamstown	1761	1826	F	65
Williamstown	1797	1826	M	29
North Adams	1785	1827	M	42
Williamstown	1807	1827	F	20
Williamstown	1805	1828	F	23
Williamstown	1762	1828	M	66
Williamstown	1744	1828	F	84
Williamstown	1826	1829	F	3
Williamstown	1766	1829	M	63
Williamstown	1738	1829	M	91
Williamstown	1736	1829	M	93
Williamstown	1799	1830	M	31
Williamstown	1818	1830	M	12
Williamstown	1799	1830	M	31
Williamstown	1776	1830	M	54
Williamstown	1768	1830	M	62
Williamstown	1822	1831	F	9
North Adams	1830	1831	M	1
Williamstown	1830	1831	F	1
Williamstown	1808	1831	F	23
Williamstown	1805	1831	F	26
Williamstown	1817	1832	M	15
North Adams	1781	1833	M	52
North Adams	1791	1833	F	42
Williamstown	1812	1833	F	21
Williamstown	1821	1833	M	12
North Adams	1832	1833	F	1
North Adams	1764	1834	M	70
Williamstown	1787	1834	M	47
Williamstown	1771	1834	M	63
Williamstown	1804	1835	M	31
North Adams	1782	1836	F	54
North Adams	1804	1836	F	32
North Adams	1808	1836	F	28
North Adams	1810	1836	M	26
North Adams	1816	1836	F	20
North Adams	1817	1836	F	19
North Adams	1833	1836	M	3
Williamstown	1830	1836	M	6
Williamstown	1814	1836	F	22
Williamstown	1752	1836	F	84
North Adams	1811	1837	F	26
Williamstown	1832	1837	F	5
Williamstown	1806	1837	M	31
Williamstown	1761	1837	F	76
Williamstown	1770	1838	M	68
North Adams	1796	1838	M	42
North Adams	1836	1838	M	2
Williamstown	1803	1839	M	36
North Adams	1806	1839	F	33
North Adams	1811	1839	F	28
North Adams	1839	1839	M	0
North Adams	1774	1841	F	67
Williamstown	1787	1841	M	54
North Adams	1795	1841	M	46
North Adams	1839	1841	M	2
Williamstown	1821	1841	M	20
Williamstown	1791	1841	M	50
Williamstown	1770	1841	F	71
Williamstown	1751	1841	F	90
North Adams	1766	1842	F	76
North Adams	1783	1842	M	59
North Adams	1821	1842	F	21
Williamstown	1842	1842	F	0
Williamstown	1842	1842	M	0
Williamstown	1816	1842	F	26
Williamstown	1769	1842	M	73
Williamstown	1763	1844	F	81
Williamstown	1803	1844	F	41
North Adams	1816	1844	F	28
North Adams	1844	1844	M	0
Williamstown	1803	1845	F	42
Williamstown	1824	1845	M	21
North Adams	1784	1846	M	62
North Adams	1813	1846	F	33
North Adams	1825	1846	F	21
North Adams	1825	1846	F	21
North Adams	1846	1846	M	0
North Adams	1791	1847	F	56
North Adams	1827	1847	F	20
North Adams	1847	1847	M	0
Williamstown	1762	1847	F	85
North Adams	1772	1848	M	76
North Adams	1793	1848	F	55
North Adams	1831	1848	F	17
North Adams	1842	1848	M	6
North Adams	1812	1849	M	37
North Adams	1819	1849	F	30
North Adams	1827	1849	M	22
North Adams	1831	1849	M	18
North Adams	1763	1850	F	87
North Adams	1776	1850	F	74
North Adams	1786	1850	F	64
North Adams	1814	1850	M	36
North Adams	1819	1850	F	31
North Adams	1825	1850	M	25
North Adams	1832	1850	M	18
Williamstown	1793	1850	M	57
Williamstown	1770	1850	M	80
North Adams	1828	1851	M	23
North Adams	1830	1851	M	21
North Adams	1839	1851	M	12
North Adams	1849	1851	F	2
Williamstown	1847	1851	F	4
North Adams	1773	1852	F	79
North Adams	1809	1852	F	43
Williamstown	1764	1852	M	88
North Adams	1770	1853	F	83
Williamstown	1801	1853	F	52
North Adams	1811	1853	M	42
North Adams	1819	1853	F	34
North Adams	1833	1853	F	20
North Adams	1803	1854	M	51
North Adams	1808	1854	F	46
North Adams	1810	1854	F	44
North Adams	1810	1854	M	44
North Adams	1824	1854	F	30
North Adams	1853	1854	M	1
Williamstown	1847	1854	F	7
Williamstown	1782	1854	F	72
Williamstown	1799	1855	M	56
North Adams	1814	1855	F	41
North Adams	1824	1855	F	31
North Adams	1824	1855	M	31
North Adams	1854	1855	F	1
Williamstown	1818	1855	F	37
Williamstown	1829	1856	M	27
North Adams	1854	1856	F	2
Williamstown	1786	1857	F	71
North Adams	1793	1857	M	64
North Adams	1801	1857	M	56
North Adams	1827	1857	F	30
North Adams	1832	1857	F	25
North Adams	1841	1857	F	16
Williamstown	1770	1857	F	87
Williamstown	1768	1857	M	89
North Adams	1771	1858	M	87
North Adams	1796	1858	M	62
North Adams	1802	1858	M	56
North Adams	1826	1858	M	32
Williamstown	1850	1858	F	8
North Adams	1852	1858	F	6
Williamstown	1808	1858	M	50
North Adams	1778	1859	F	81
North Adams	1826	1859	F	33
North Adams	1856	1859	M	3
North Adams	1859	1859	M	0
Williamstown	1776	1859	F	83
North Adams	1781	1860	M	79
North Adams	1787	1860	M	73
North Adams	1797	1860	M	63
North Adams	1826	1860	M	34
North Adams	1833	1860	F	27
North Adams	1836	1860	M	24
North Adams	1840	1860	M	20
North Adams	1847	1860	M	13
North Adams	1858	1860	F	2
North Adams	1860	1860	M	0
Williamstown	1807	1860	F	53
Williamstown	1784	1860	M	76
North Adams	1786	1861	F	75
North Adams	1790	1861	F	71
Williamstown	1800	1861	F	61
North Adams	1805	1861	M	56
North Adams	1807	1861	F	54
North Adams	1834	1861	F	27
North Adams	1834	1861	F	27
North Adams	1841	1861	M	20
North Adams	1845	1861	F	16
North Adams	1855	1861	M	6
North Adams	1861	1861	M	0
North Adams	1794	1862	M	68
North Adams	1795	1862	M	67
Williamstown	1807	1862	M	55
North Adams	1810	1862	F	52
North Adams	1815	1862	F	47
North Adams	1816	1862	F	46
North Adams	1824	1862	M	38
North Adams	1847	1862	F	15
North Adams	1856	1862	M	6
North Adams	1862	1862	F	0
Williamstown	1784	1862	F	78
North Adams	1788	1863	F	75
North Adams	1805	1863	M	58
North Adams	1830	1863	F	33
North Adams	1836	1863	M	27
North Adams	1841	1863	M	22
North Adams	1845	1863	M	18
North Adams	1845	1863	M	18
North Adams	1861	1863	M	2
Williamstown	1789	1864	M	75
North Adams	1793	1864	F	71
Williamstown	1812	1864	F	52
North Adams	1825	1864	M	39
North Adams	1826	1864	M	38
North Adams	1837	1864	M	27
North Adams	1843	1864	M	21
North Adams	1846	1864	F	18
North Adams	1851	1864	F	13
North Adams	1861	1864	F	3
North Adams	1861	1864	M	3
Williamstown	1862	1864	F	2
Williamstown	1859	1864	M	5
North Adams	1807	1865	M	58
North Adams	1827	1865	M	38
North Adams	1832	1865	F	33
North Adams	1844	1865	F	21
North Adams	1849	1865	M	16
North Adams	1860	1865	F	5
North Adams	1860	1865	M	5
North Adams	1864	1865	M	1
North Adams	1827	1866	F	39
Williamstown	1828	1866	F	38
Williamstown	1784	1867	M	83
North Adams	1809	1867	F	58
North Adams	1817	1867	F	50
North Adams	1827	1867	M	40
North Adams	1865	1867	F	2
North Adams	1810	1867	F	57
North Adams	1780	1868	M	88
North Adams	1810	1868	M	58
North Adams	1811	1868	M	57
North Adams	1815	1868	M	53
Williamstown	1832	1868	F	36
Williamstown	1840	1868	M	28
North Adams	1867	1868	M	1
North Adams	1800	1869	F	69
North Adams	1813	1869	M	56
North Adams	1817	1869	F	52
North Adams	1830	1869	F	39
North Adams	1835	1869	M	34
North Adams	1841	1869	F	28
North Adams	1868	1869	F	1
Williamstown	1782	1870	F	88
North Adams	1784	1870	F	86
North Adams	1792	1870	M	78
North Adams	1793	1870	M	77
Williamstown	1800	1870	F	70
North Adams	1805	1870	M	65
Williamstown	1805	1870	F	65
North Adams	1807	1870	M	63
North Adams	1810	1870	M	60
North Adams	1815	1870	M	55
North Adams	1821	1870	F	49
North Adams	1841	1870	M	29
Williamstown	1794	1870	M	76
North Adams	1796	1871	M	75
Williamstown	1814	1871	F	57
North Adams	1814	1871	F	57
North Adams	1846	1871	F	25
North Adams	1871	1871	M	0
Williamstown	1792	1871	F	79
North Adams	1798	1872	F	74
North Adams	1798	1872	M	74
North Adams	1808	1872	M	64
North Adams	1810	1872	M	62
North Adams	1856	1872		16
North Adams	1871	1872	F	1
North Adams	1872	1872	F	0
North Adams	1791	1873	M	82
North Adams	1819	1873	M	54
North Adams	1831	1873	F	42
North Adams	1839	1873	M	34
North Adams	1853	1873	M	20
North Adams	1792	1874	F	82
North Adams	1802	1874	F	72
North Adams	1826	1874	M	48
North Adams	1786	1875	F	89
North Adams	1793	1875	M	82
North Adams	1804	1875	M	71
North Adams	1809	1875	M	66
North Adams	1823	1875	M	52
Williamstown	1849	1875	M	26
North Adams	1854	1875	F	21
North Adams	1867	1875	M	8
North Adams	1871	1875	M	4
North Adams	1872	1875	M	3
Williamstown	1796	1875	F	79
North Adams	1796	1876	M	80
North Adams	1809	1876	M	67
North Adams	1824	1876	M	52
North Adams	1847	1876	M	29
North Adams	1854	1876	M	22
North Adams	1863	1876	F	13
North Adams	1868	1876	F	8
North Adams	1870	1876	M	6
North Adams	1871	1876	M	5
North Adams	1876	1876	F	0
Williamstown	1799	1877	M	78
North Adams	1810	1877	F	67
North Adams	1819	1877	F	58
Williamstown	1841	1877	M	36
North Adams	1842	1877		35
North Adams	1856	1877	F	21
North Adams	1860	1877	F	17
Williamstown	1863	1877	F	14
North Adams	1871	1877	M	6
North Adams	1872	1877	M	5
North Adams	1874	1877	M	3
North Adams	1875	1877	M	2
North Adams	1877	1877	F	0
North Adams	1877	1877	M	0
Williamstown	1856	1877	M	21
Williamstown	1828	1877	M	49
Williamstown	1805	1878	F	73
Williamstown	1806	1878	M	72
North Adams	1808	1878	M	70
North Adams	1813	1878	F	65
North Adams	1826	1878	M	52
North Adams	1826	1878	F	52
North Adams	1869	1878	F	9
North Adams	1878	1878	M	0
Williamstown	1804	1879	F	75
North Adams	1807	1879	F	72
North Adams	1810	1879	M	69
North Adams	1810	1879	M	69
Williamstown	1817	1879	F	62
North Adams	1844	1879	F	35
North Adams	1850	1879	F	29
North Adams	1854	1879	F	25
North Adams	1865	1879	M	14
North Adams	1867	1879	F	12
North Adams	1877	1879	M	2
North Adams	1811	1880	M	69
North Adams	1818	1880	M	62
Williamstown	1826	1880	M	54
Williamstown	1858	1880	F	22
North Adams	1861	1880	M	19
North Adams	1796	1881	F	85
North Adams	1815	1881	F	66
North Adams	1823	1881	M	58
North Adams	1832	1881	M	49
North Adams	1841	1881	M	40
North Adams	1854	1881	M	27
North Adams	1861	1881	F	20
North Adams	1880	1881	M	1
North Adams	1880	1881	F	1
Williamstown	1817	1881	F	64
North Adams	1802	1882	F	80
North Adams	1808	1882	F	74
North Adams	1819	1882	M	63
Williamstown	1820	1882	M	62
North Adams	1822	1882	F	60
North Adams	1823	1882	F	59
North Adams	1834	1882	F	48
North Adams	1838	1882	M	44
North Adams	1845	1882	F	37
Williamstown	1882	1882		0
North Adams	1846	1882		36
North Adams	1793	1883	F	90
North Adams	1799	1883	F	84
North Adams	1807	1883	F	76
North Adams	1812	1883	M	71
North Adams	1818	1883	M	65
North Adams	1837	1883	M	46
North Adams	1864	1883	M	19
Williamstown	1799	1883	F	84
North Adams	1795	1884	M	89
North Adams	1810	1884	M	74
Williamstown	1811	1884	F	73
North Adams	1812	1884	F	72
North Adams	1820	1884	M	64
North Adams	1830	1884	F	54
North Adams	1848	1884	M	36
North Adams	1852	1884	M	32
Williamstown	1866	1884	M	18
North Adams	1882	1884	M	2
North Adams	1883	1884	M	1
North Adams	1797	1885	M	88
North Adams	1804	1885	F	81
North Adams	1807	1885	F	78
North Adams	1807	1885	M	78
North Adams	1815	1885	F	70
North Adams	1817	1885	F	68
North Adams	1819	1885	F	66
North Adams	1820	1885	M	65
North Adams	1826	1885	M	59
Williamstown	1837	1885	M	48
North Adams	1845	1885	M	40
North Adams	1850	1885	M	35
North Adams	1856	1885	F	29
North Adams	1859	1885	M	26
North Adams	1863	1885	M	22
North Adams	1881	1885	F	4
Williamstown	1858	1885	M	27
North Adams	1786	1886	M	100
Williamstown	1806	1886	M	80
North Adams	1816	1886	M	70
North Adams	1818	1886	F	68
North Adams	1829	1886	F	57
North Adams	1830	1886	F	56
North Adams	1832	1886	F	54
North Adams	1840	1886	M	46
North Adams	1872	1886	M	14
Williamstown	1805	1887	M	82
North Adams	1807	1887	M	80
North Adams	1812	1887	M	75
North Adams	1812	1887	F	75
North Adams	1813	1887	F	74
North Adams	1818	1887	M	69
North Adams	1819	1887	F	68
North Adams	1820	1887	M	67
North Adams	1821	1887	M	66
North Adams	1833	1887	M	54
North Adams	1834	1887	M	53
North Adams	1862	1887	M	25
North Adams	1865	1887	M	22
Williamstown	1803	1888	F	85
North Adams	1813	1888	F	75
Williamstown	1815	1888		73
North Adams	1818	1888	M	70
North Adams	1827	1888	F	61
North Adams	1839	1888	M	49
Williamstown	1844	1888	F	44
Williamstown	1852	1888	F	36
North Adams	1861	1888	M	27
North Adams	1864	1888	F	24
Williamstown	1878	1888	F	10
North Adams	1810	1889	M	79
North Adams	1821	1889	F	68
North Adams	1822	1889	F	67
North Adams	1828	1889	M	61
North Adams	1829	1889	F	60
North Adams	1837	1889	M	52
Williamstown	1860	1889	M	29
North Adams	1878	1889	F	11
North Adams	1887	1889	F	2
North Adams	1888	1889	M	1
Williamstown	1889	1889	F	0
North Adams	1805	1890	M	85
North Adams	1806	1890	F	84
North Adams	1811	1890	F	79
North Adams	1817	1890	M	73
North Adams	1818	1890	F	72
North Adams	1828	1890	M	62
North Adams	1831	1890	F	59
North Adams	1833	1890	M	57
North Adams	1889	1890	F	1
North Adams	1811	1891	F	80
Williamstown	1812	1891	M	79
North Adams	1821	1891	F	70
North Adams	1827	1891	M	64
North Adams	1831	1891	F	60
North Adams	1835	1891	M	56
North Adams	1838	1891	M	53
North Adams	1839	1891	F	52
North Adams	1847	1891	M	44
North Adams	1866	1891	F	25
North Adams	1867	1891	F	24
Williamstown	1868	1891	F	23
Williamstown	1869	1891	M	22
North Adams	1880	1891	M	11
North Adams	1885	1891	M	6
Williamstown	1814	1892	M	78
North Adams	1814	1892	M	78
North Adams	1822	1892	F	70
North Adams	1823	1892	M	69
North Adams	1825	1892	F	67
North Adams	1828	1892	F	64
North Adams	1844	1892	M	48
North Adams	1849	1892	F	43
North Adams	1851	1892	F	41
North Adams	1862	1892	M	30
North Adams	1865	1892	F	27
Williamstown	1868	1892	M	24
Williamstown	1871	1892	F	21
North Adams	1890	1892	M	2
Williamstown	1810	1892	M	82
Williamstown	1803	1893	F	90
North Adams	1809	1893	F	84
Williamstown	1811	1893	F	82
North Adams	1817	1893	F	76
North Adams	1817	1893	F	76
North Adams	1822	1893	F	71
North Adams	1823	1893	M	70
North Adams	1823	1893	F	70
Williamstown	1829	1893	F	64
Williamstown	1832	1893	M	61
North Adams	1856	1893	F	37
North Adams	1868	1893	M	25
North Adams	1890	1893	M	3
Williamstown	1852	1893	M	41
Williamstown	1828	1893	F	65
North Adams	1813	1894	M	81
North Adams	1818	1894	F	76
North Adams	1830	1894	M	64
North Adams	1835	1894	M	59
North Adams	1839	1894	F	55
Williamstown	1845	1894	M	49
North Adams	1850	1894	F	44
North Adams	1873	1894	F	21
North Adams	1873	1894	F	21
North Adams	1800	1895	F	95
North Adams	1818	1895	F	77
Williamstown	1821	1895	F	74
North Adams	1826	1895	M	69
Williamstown	1833	1895	F	62
North Adams	1855	1895	F	40
North Adams	1855	1895	M	40
North Adams	1857	1895	M	38
North Adams	1866	1895	M	29
North Adams	1880	1895	F	15
Williamstown	1894	1895	F	1
Williamstown	1894	1895	F	1
North Adams	1804	1896	F	92
North Adams	1812	1896	F	84
North Adams	1820	1896	F	76
North Adams	1829	1896	M	67
North Adams	1839	1896	F	57
Williamstown	1851	1896	M	45
Williamstown	1867	1896	M	29
Williamstown	1893	1896	M	3
North Adams	1806	1897	M	91
North Adams	1809	1897	F	88
Williamstown	1814	1897	F	83
North Adams	1821	1897	F	76
North Adams	1825	1897	M	72
North Adams	1829	1897	M	68
North Adams	1831	1897	M	66
North Adams	1834	1897	F	63
North Adams	1842	1897	F	55
North Adams	1851	1897	M	46
North Adams	1868	1897	F	29
North Adams	1868	1897	M	29
North Adams	1877	1897	M	20
North Adams	1891	1897	M	6
North Adams	1897	1897	M	0
North Adams	1790	1898	F	108
North Adams	1810	1898	M	88
North Adams	1830	1898	M	68
North Adams	1830	1898	F	68
North Adams	1836	1898	M	62
Williamstown	1842	1898	M	56
North Adams	1853	1898	F	45
North Adams	1858	1898	F	40
North Adams	1866	1898	F	32
North Adams	1867	1898	F	31
North Adams	1820	1899	M	79
North Adams	1821	1899	M	78
North Adams	1825	1899	M	74
North Adams	1826	1899	F	73
North Adams	1828	1899	M	71
North Adams	1830	1899	F	69
North Adams	1834	1899	M	65
North Adams	1867	1899	M	32
North Adams	1883	1899	F	16
North Adams	1886	1899	M	13
Williamstown	1824	1900	M	76
North Adams	1826	1900	F	74
North Adams	1862	1900	M	38
North Adams	1869	1900	M	31
North Adams	1819	1901	M	82
North Adams	1819	1901	F	82
Williamstown	1826	1901	M	75
North Adams	1831	1901	M	70
North Adams	1831	1901	M	70
North Adams	1833	1901	F	68
North Adams	1847	1901	M	54
North Adams	1853	1901	F	48
Williamstown	1858	1901	M	43
North Adams	1862	1901	M	39
Williamstown	1865	1901	M	36
North Adams	1870	1901	F	31
North Adams	1871	1901	F	30
North Adams	1878	1901	M	23
Williamstown	1823	1902	M	79
North Adams	1828	1902	M	74
Williamstown	1842	1902	M	60
North Adams	1844	1902	M	58
North Adams	1846	1902	F	56
North Adams	1851	1902	M	51
North Adams	1875	1902	M	27
Williamstown	1900	1902	F	2
Williamstown	1815	1903	F	88
North Adams	1822	1903	F	81
North Adams	1824	1903	M	79
North Adams	1827	1903	F	76
North Adams	1830	1903	F	73
Williamstown	1836	1903	F	67
North Adams	1836	1903	F	67
North Adams	1841	1903	F	62
North Adams	1846	1903	F	57
Williamstown	1851	1903	M	52
Williamstown	1855	1903	M	48
North Adams	1874	1903	M	29
North Adams	1880	1903	M	23
North Adams	1809	1904	M	95
North Adams	1809	1904	F	95
North Adams	1812	1904	F	92
North Adams	1816	1904	M	88
North Adams	1817	1904	F	87
North Adams	1820	1904	M	84
North Adams	1826	1904	F	78
North Adams	1831	1904	M	73
Williamstown	1831	1904	F	73
North Adams	1832	1904	F	72
North Adams	1833	1904	M	71
North Adams	1837	1904	M	67
Williamstown	1839	1904	M	65
North Adams	1839	1904	F	65
North Adams	1840	1904	M	64
North Adams	1843	1904	M	61
North Adams	1844	1904	M	60
North Adams	1872	1904	F	32
North Adams	1872	1904	F	32
North Adams	1875	1904	M	29
North Adams	1876	1904	M	28
Williamstown	1881	1904	F	23
North Adams	1823	1905	M	82
North Adams	1823	1905	M	82
North Adams	1829	1905	M	76
North Adams	1829	1905	M	76
North Adams	1830	1905	M	75
North Adams	1832	1905	M	73
North Adams	1834	1905	F	71
North Adams	1839	1905	F	66
North Adams	1839	1905	M	66
North Adams	1844	1905	M	61
North Adams	1845	1905	F	60
Williamstown	1851	1905	F	54
North Adams	1851	1905	M	54
North Adams	1853	1905	F	52
North Adams	1867	1905	F	38
North Adams	1867	1905	M	38
Williamstown	1875	1905	F	30
Williamstown	1895	1905	F	10
North Adams	1811	1906	M	95
North Adams	1833	1906	M	73
North Adams	1838	1906	F	68
Williamstown	1840	1906	M	66
North Adams	1848	1906	F	58
Williamstown	1852	1906	F	54
Williamstown	1856	1906	F	50
Williamstown	1856	1906	M	50
North Adams	1827	1907	M	80
North Adams	1846	1907	M	61
North Adams	1847	1907	M	60
North Adams	1848	1907	F	59
North Adams	1857	1907	M	50
North Adams	1883	1907	F	24
North Adams	1888	1907	F	19
Williamstown	1821	1908	M	87
North Adams	1821	1908	M	87
Williamstown	1821	1908	F	87
North Adams	1825	1908	F	83
North Adams	1828	1908	F	80
Williamstown	1843	1908	F	65
Williamstown	1854	1908	F	54
North Adams	1865	1908	M	43
North Adams	1898	1908	F	10
North Adams	1821	1909	F	88
Williamstown	1833	1909	M	76
North Adams	1835	1909	M	74
North Adams	1843	1909	F	66
Williamstown	1848	1909	M	61
Williamstown	1854	1909	M	55
Williamstown	1856	1909	F	53
North Adams	1860	1909	M	49
Williamstown	1864	1909	F	45
Williamstown	1867	1909	M	42
Williamstown	1869	1909	F	40
Williamstown	1869	1909	F	40
North Adams	1822	1910	M	88
North Adams	1831	1910	M	79
North Adams	1832	1910	M	78
Williamstown	1832	1910	F	78
Williamstown	1832	1910	F	78
North Adams	1845	1910	M	65
North Adams	1848	1910	M	62
North Adams	1852	1910	F	58
North Adams	1857	1910	F	53
Williamstown	1888	1910	M	22
North Adams	1826	1911	F	85
Williamstown	1828	1911	F	83
North Adams	1833	1911	F	78
Williamstown	1835	1911	M	76
North Adams	1837	1911	F	74
North Adams	1837	1911	F	74
Williamstown	1837	1911	F	74
North Adams	1838	1911	M	73
Williamstown	1863	1911	M	48
Williamstown	1871	1911	F	40
Williamstown	1876	1911	F	35
North Adams	1879	1911	F	32
North Adams	1907	1911	F	4
North Adams	1831	1912	F	81
North Adams	1831	1912	F	81
Williamstown	1834	1912	M	78
North Adams	1836	1912	F	76
North Adams	1837	1912	M	75
North Adams	1839	1912	M	73
North Adams	1839	1912	M	73
Williamstown	1844	1912	F	68
North Adams	1846	1912	M	66
Williamstown	1852	1912	F	60
North Adams	1853	1912	M	59
North Adams	1856	1912	M	56
Williamstown	1861	1912	F	51
North Adams	1879	1912	F	33
North Adams	1879	1912	F	33
Williamstown	1884	1912	F	28
Williamstown	1904	1912	F	8
Williamstown	1835	1912	F	77
North Adams	1836	1913	F	77
North Adams	1836	1913	F	77
North Adams	1843	1913	M	70
Williamstown	1851	1913		62
Williamstown	1859	1913	F	54
North Adams	1868	1913	F	45
North Adams	1872	1913	M	41
Williamstown	1900	1913	F	13
Williamstown	1822	1914	M	92
North Adams	1826	1914	M	88
Williamstown	1832	1914	F	82
North Adams	1835	1914	F	79
North Adams	1838	1914	F	76
Williamstown	1839	1914	M	75
North Adams	1844	1914	F	70
North Adams	1847	1914	M	67
Williamstown	1852	1914	F	62
North Adams	1855	1914	M	59
North Adams	1865	1914	F	49
North Adams	1869	1914	M	45
Williamstown	1873	1914	F	41
North Adams	1879	1914	M	35
North Adams	1879	1914	M	35
North Adams	1822	1915	M	93
North Adams	1822	1915	M	93
North Adams	1829	1915	M	86
Williamstown	1845	1915	F	70
Williamstown	1847	1915	F	68
North Adams	1853	1915	F	62
North Adams	1853	1915	F	62
North Adams	1854	1915	F	61
Williamstown	1857	1915	M	58
North Adams	1858	1915	F	57
North Adams	1862	1915	F	53
Williamstown	1868	1915	F	47
Williamstown	1884	1915	M	31
Williamstown	1828	1916	F	88
North Adams	1833	1916	F	83
North Adams	1837	1916	F	79
North Adams	1840	1916	F	76
North Adams	1844	1916	F	72
Williamstown	1872	1916	M	44
Williamstown	1877	1916	F	39
North Adams	1831	1917	F	86
North Adams	1834	1917	F	83
North Adams	1835	1917	F	82
North Adams	1837	1917	F	80
North Adams	1839	1917	M	78
Williamstown	1840	1917	F	77
North Adams	1841	1917	F	76
North Adams	1845	1917	M	72
North Adams	1859	1917	M	58
North Adams	1871	1917	M	46
Williamstown	1872	1917	F	45
Williamstown	1883	1917	M	34
Williamstown	1911	1917	F	6
Williamstown	1917	1917	F	0
North Adams	1824	1918	F	94
North Adams	1835	1918	F	83
North Adams	1838	1918	F	80
North Adams	1838	1918	M	80
North Adams	1842	1918	F	76
Williamstown	1843	1918	M	75
North Adams	1843	1918	M	75
North Adams	1846	1918	F	72
North Adams	1846	1918	F	72
North Adams	1853	1918	M	65
North Adams	1853	1918	F	65
North Adams	1856	1918	F	62
North Adams	1860	1918	M	58
North Adams	1867	1918	F	51
North Adams	1883	1918	F	35
North Adams	1897	1918	M	21
North Adams	1829	1919	M	90
North Adams	1833	1919	F	86
North Adams	1838	1919	F	81
North Adams	1839	1919	F	80
North Adams	1845	1919	F	74
Williamstown	1848	1919	M	71
Williamstown	1854	1919	M	65
North Adams	1861	1919	M	58
Williamstown	1862	1919	F	57
North Adams	1863	1919	F	56
Williamstown	1877	1919	M	42
Williamstown	1895	1919	M	24
North Adams	1898	1919	M	21
Williamstown	1840	1920	F	80
Williamstown	1845	1920	M	75
North Adams	1845	1920	F	75
North Adams	1847	1920	F	73
Williamstown	1848	1920	M	72
North Adams	1873	1920	F	47
North Adams	1892	1920	F	28
Williamstown	1911	1920	M	9
Williamstown	1915	1920	M	5
Williamstown	1920	1920	M	0
North Adams	1920	1920	M	0
Williamstown	1836	1921	F	85
North Adams	1839	1921	F	82
Williamstown	1854	1921	M	67
Williamstown	1857	1921	F	64
Williamstown	1866	1921	F	55
North Adams	1866	1921	F	55
Williamstown	1907	1921	M	14
Williamstown	1911	1921	M	10
Williamstown	1914	1921	F	7
North Adams	1835	1922	M	87
North Adams	1836	1922	F	86
North Adams	1837	1922	F	85
North Adams	1841	1922	F	81
North Adams	1841	1922	F	81
Williamstown	1841	1922	M	81
Williamstown	1851	1922	M	71
North Adams	1863	1922	F	59
North Adams	1841	1923	M	82
Williamstown	1841	1923	F	82
North Adams	1841	1923	M	82
Williamstown	1848	1923	M	75
Williamstown	1856	1923	M	67
North Adams	1856	1923	M	67
Williamstown	1911	1923	F	12
Williamstown	1914	1923	M	9
Williamstown	1921	1923	M	2
North Adams	1825	1924	F	99
Williamstown	1841	1924	F	83
North Adams	1849	1924	F	75
North Adams	1850	1924	M	74
North Adams	1850	1924	F	74
North Adams	1855	1924	M	69
North Adams	1867	1924	F	57
Williamstown	1868	1924	M	56
North Adams	1880	1924	M	44
North Adams	1882	1924	F	42
North Adams	1842	1925	M	83
Williamstown	1845	1925	M	80
Williamstown	1848	1925	F	77
North Adams	1848	1925	M	77
Williamstown	1856	1925	F	69
North Adams	1857	1925	M	68
North Adams	1857	1925	M	68
Williamstown	1889	1925	M	36
North Adams	1913	1925	F	12
Williamstown	1917	1925	M	8
North Adams	1854	1926	F	72
North Adams	1855	1926	F	71
Williamstown	1855	1926	M	71
North Adams	1855	1926	M	71
North Adams	1860	1926	M	66
North Adams	1863	1926	M	63
North Adams	1879	1926	M	47
North Adams	1839	1927	M	88
North Adams	1861	1927	M	66
North Adams	1866	1927	M	61
North Adams	1867	1927	M	60
Williamstown	1868	1927	M	59
North Adams	1878	1927	M	49
Williamstown	1908	1927	F	19
Williamstown	1916	1927	F	11
Williamstown	1841	1928	M	87
North Adams	1844	1928	F	84
Williamstown	1845	1928	M	83
North Adams	1851	1928	F	77
North Adams	1851	1928	F	77
Williamstown	1856	1928	F	72
North Adams	1858	1928	F	70
Williamstown	1859	1928	F	69
Williamstown	1880	1928	F	48
North Adams	1900	1928	M	28
North Adams	1832	1929	F	97
Williamstown	1843	1929	F	86
North Adams	1847	1929	M	82
Williamstown	1852	1929	M	77
North Adams	1852	1929		77
Williamstown	1860	1929	F	69
Williamstown	1864	1929	M	65
Williamstown	1873	1929	M	56
Williamstown	1880	1929	F	49
Williamstown	1882	1929	F	47
Williamstown	1886	1929	M	43
Williamstown	1912	1929	M	17
North Adams	1846	1930	F	84
Williamstown	1850	1930		80
North Adams	1859	1930	F	71
Williamstown	1861	1930	F	69
Williamstown	1864	1930	M	66
North Adams	1870	1930	M	60
Williamstown	1873	1930	M	57
Williamstown	1920	1930	M	10
Williamstown	1851	1931	F	80
Williamstown	1853	1931	F	78
North Adams	1858	1931	M	73
North Adams	1859	1931	M	72
North Adams	1867	1931	F	64
North Adams	1869	1931	F	62
Williamstown	1870	1931	F	61
North Adams	1870	1931	M	61
North Adams	1885	1931	F	46
Williamstown	1898	1931	M	33
Williamstown	1901	1931	M	30
Williamstown	1847	1932	F	85
North Adams	1850	1932	M	82
North Adams	1857	1932	M	75
North Adams	1860	1932	F	72
Williamstown	1875	1932	F	57
Williamstown	1847	1933	F	86
North Adams	1847	1933	F	86
North Adams	1854	1933	M	79
Williamstown	1860	1933	M	73
Williamstown	1863	1933	M	70
Williamstown	1872	1933	M	61
Williamstown	1911	1933	F	22
Williamstown	1913	1933	F	20
Williamstown	1930	1933	F	3
Williamstown	1845	1934	F	89
Williamstown	1850	1934	F	84
North Adams	1864	1934	M	70
North Adams	1887	1934	F	47
North Adams	1897	1934	M	37
Williamstown	1918	1934	M	16
Williamstown	1923	1934	M	11
Williamstown	1854	1935	M	81
North Adams	1855	1935	F	80
North Adams	1856	1935	F	79
North Adams	1857	1935	F	78
Williamstown	1858	1935	F	77
North Adams	1859	1935	F	76
North Adams	1859	1935	M	76
Williamstown	1862	1935	M	73
North Adams	1864	1935	M	71
Williamstown	1875	1935	F	60
Williamstown	1877	1935	F	58
Williamstown	1882	1935	F	53
Williamstown	1883	1935	F	52
North Adams	1884	1935	F	51
Williamstown	1888	1935	M	47
Williamstown	1888	1935	M	47
Williamstown	1899	1935	M	36
North Adams	1899	1935	F	36
Williamstown	1922	1935	F	13
Williamstown	1934	1935	M	1
North Adams	1850	1936	F	86
North Adams	1852	1936	F	84
North Adams	1856	1936	M	80
Williamstown	1857	1936	M	79
Williamstown	1859	1936	M	77
North Adams	1860	1936	M	76
Williamstown	1861	1936	F	75
Williamstown	1862	1936	M	74
Williamstown	1864	1936	M	72
Williamstown	1869	1936	M	67
Williamstown	1870	1936	M	66
North Adams	1886	1936	M	50
Williamstown	1886	1936	M	50
Williamstown	1894	1936	F	42
North Adams	1897	1936	F	39
North Adams	1900	1936	M	36
Williamstown	1909	1936	M	27
Williamstown	1909	1936	F	27
North Adams	1916	1936	M	20
Williamstown	1925	1936	F	11
Williamstown	1932	1936	M	4
Williamstown	1935	1936	M	1
Williamstown	1936	1936	F	0
Williamstown	1825	1937	F	112
Williamstown	1848	1937	F	89
Williamstown	1852	1937	M	85
North Adams	1852	1937	F	85
Williamstown	1857	1937	M	80
Williamstown	1859	1937	F	78
North Adams	1862	1937	F	75
North Adams	1868	1937	F	69
Williamstown	1870	1937	M	67
Williamstown	1870	1937	F	67
North Adams	1871	1937	M	66
Williamstown	1872	1937	F	65
Williamstown	1874	1937	M	63
Williamstown	1878	1937	M	59
Williamstown	1881	1937	M	56
Williamstown	1887	1937	M	50
Williamstown	1890	1937	F	47
Williamstown	1897	1937	M	40
Williamstown	1911	1937	F	26
Williamstown	1923	1937	F	14
Williamstown	1845	1938	M	93
North Adams	1856	1938	M	82
North Adams	1857	1938	M	81
North Adams	1859	1938		79
Williamstown	1860	1938	F	78
North Adams	1863	1938	M	75
North Adams	1864	1938	F	74
Williamstown	1870	1938	M	68
North Adams	1878	1938	M	60
Williamstown	1882	1938	M	56
North Adams	1885	1938	F	53
Williamstown	1903	1938	M	35
North Adams	1917	1938	F	21
Williamstown	1931	1938	M	7
Williamstown	1935	1938	M	3
North Adams	1841	1939	F	98
Williamstown	1851	1939	F	88
North Adams	1857	1939	F	82
North Adams	1858	1939	F	81
North Adams	1858	1939	F	81
Williamstown	1859	1939	M	80
Williamstown	1861	1939	F	78
Williamstown	1863	1939	F	76
North Adams	1865	1939	F	74
North Adams	1865	1939	F	74
Williamstown	1872	1939	M	67
Williamstown	1873	1939	M	66
North Adams	1874	1939	M	65
Williamstown	1881	1939	F	58
Williamstown	1864	1939	F	75
North Adams	1847	1940	M	93
North Adams	1856	1940	F	84
North Adams	1865	1940	F	75
North Adams	1868	1940	F	72
Williamstown	1868	1940	F	72
Williamstown	1868	1940	F	72
North Adams	1869	1940	F	71
Williamstown	1870	1940	M	70
North Adams	1870	1940	F	70
Williamstown	1872	1940	F	68
North Adams	1873	1940	M	67
North Adams	1875	1940	F	65
North Adams	1885	1940	M	55
North Adams	1891	1940	M	49
North Adams	1921	1940	F	19
North Adams	1858	1941	F	83
Williamstown	1866	1941	F	75
Williamstown	1867	1941	F	74
Williamstown	1867	1941	F	74
North Adams	1867	1941	F	74
Williamstown	1895	1941	M	46
Williamstown	1913	1941	M	28
North Adams	1858	1942	M	84
Williamstown	1859	1942	F	83
Williamstown	1860	1942	F	82
North Adams	1861	1942	F	81
North Adams	1861	1942	M	81
Williamstown	1869	1942	F	73
North Adams	1870	1942	M	72
Williamstown	1872	1942	M	70
North Adams	1879	1942	F	63
Williamstown	1886	1942	M	56
Williamstown	1889	1942	M	53
Williamstown	1889	1942	M	53
North Adams	1892	1942	M	50
Williamstown	1899	1942	M	43
Williamstown	1902	1942	F	40
Williamstown	1911	1942	F	31
Williamstown	1853	1943	F	90
Williamstown	1860	1943	M	83
Williamstown	1860	1943	M	83
Williamstown	1861	1943	M	82
North Adams	1862	1943	F	81
Williamstown	1864	1943	M	79
Williamstown	1868	1943	M	75
North Adams	1872	1943	F	71
North Adams	1891	1943	F	52
North Adams	1912	1943	M	31
Williamstown	1925	1943	M	18
Williamstown	1926	1943	M	17
Williamstown	1943	1943	F	0
Williamstown	1855	1944	F	89
North Adams	1861	1944	M	83
North Adams	1862	1944	F	82
North Adams	1865	1944	M	79
Williamstown	1866	1944	F	78
North Adams	1874	1944	M	70
Williamstown	1876	1944	F	68
Williamstown	1882	1944	F	62
Williamstown	1883	1944		61
Williamstown	1884	1944	M	60
Williamstown	1886	1944	M	58
North Adams	1888	1944	M	56
North Adams	1891	1944	M	53
Williamstown	1892	1944	F	52
North Adams	1904	1944	F	40
Williamstown	1943	1944	F	1
North Adams	1849	1945	M	96
Williamstown	1853	1945	F	92
North Adams	1863	1945	F	82
North Adams	1866	1945	F	79
Williamstown	1868	1945	M	77
Williamstown	1869	1945	M	76
Williamstown	1869	1945	M	76
Williamstown	1869	1945	M	76
Williamstown	1873	1945	F	72
Williamstown	1884	1945	M	61
Williamstown	1892	1945	M	53
Williamstown	1910	1945	M	35
Williamstown	1922	1945	M	23
Williamstown	1861	1946	F	85
North Adams	1866	1946	M	80
Williamstown	1878	1946	F	68
Williamstown	1893	1946	M	53
Williamstown	1864	1947	F	83
Williamstown	1864	1947	M	83
Williamstown	1866	1947	M	81
Williamstown	1868	1947	M	79
North Adams	1869	1947	F	78
North Adams	1870	1947	F	77
North Adams	1871	1947	F	76
North Adams	1876	1947	F	71
Williamstown	1884	1947	M	63
Williamstown	1885	1947	F	62
Williamstown	1893	1947	M	54
Williamstown	1914	1947	M	33
Williamstown	1919	1947	F	28
Williamstown	1861	1948	F	87
North Adams	1862	1948	F	86
Williamstown	1868	1948	M	80
North Adams	1869	1948	M	79
North Adams	1870	1948	M	78
North Adams	1873	1948	F	75
Williamstown	1876	1948	M	72
Williamstown	1876	1948	M	72
Williamstown	1876	1948	M	72
Williamstown	1879	1948	M	69
Williamstown	1879	1948	F	69
Williamstown	1885	1948	M	63
Williamstown	1895	1948	M	53
Williamstown	1895	1948	M	53
Williamstown	1864	1948	F	84
Williamstown	1865	1949	F	84
Williamstown	1873	1949	M	76
Williamstown	1873	1949	M	76
North Adams	1888	1949	M	61
Williamstown	1904	1949	M	45
Williamstown	1870	1950	F	80
Williamstown	1873	1950	F	77
Williamstown	1877	1950	M	73
Williamstown	1895	1950	M	55
North Adams	1931	1950	M	19
Williamstown	1868	1951	M	83
Williamstown	1870	1951	F	81
North Adams	1867	1952	F	85
Williamstown	1868	1952	M	84
Williamstown	1868	1952	F	84
Williamstown	1870	1952	M	82
Williamstown	1871	1952	F	81
Williamstown	1874	1952	F	78
Williamstown	1881	1952	M	71
North Adams	1894	1952	M	58
Williamstown	1930	1952	M	22
North Adams	1860	1953	F	93
Williamstown	1876	1953	F	77
Williamstown	1917	1953	F	36
Williamstown	1861	1954	F	93
Williamstown	1862	1954	M	92
Williamstown	1864	1954	M	90
Williamstown	1879	1954	M	75
North Adams	1882	1954	M	72
Williamstown	1882	1954	F	72
Williamstown	1882	1954	F	72
Williamstown	1882	1954	F	72
Williamstown	1883	1954	F	71
Williamstown	1866	1955	F	89
Williamstown	1867	1955	F	88
North Adams	1870	1955	F	85
Williamstown	1873	1955	F	82
Williamstown	1884	1955	M	71
Williamstown	1885	1955	F	70
Williamstown	1886	1955	M	69
Williamstown	1886	1955	F	69
Williamstown	1894	1955	M	61
Williamstown	1901	1955	M	54
Williamstown	1906	1955	M	49
Williamstown	1931	1955	F	24
Williamstown	1940	1955	M	15
Williamstown	1950	1955	M	5
Williamstown	1869	1956	M	87
Williamstown	1871	1956	F	85
Williamstown	1876	1956	F	80
North Adams	1884	1956	F	72
Williamstown	1891	1956	F	65
Williamstown	1899	1956	M	57
North Adams	1865	1957	F	92
Williamstown	1872	1957	M	85
North Adams	1874	1957	F	83
Williamstown	1881	1957	F	76
North Adams	1884	1957	F	73
Williamstown	1886	1957	M	71
North Adams	1887	1957	F	70
Williamstown	1887	1957	M	70
Williamstown	1888	1957	M	69
Williamstown	1891	1957	M	66
Williamstown	1894	1957	F	63
Williamstown	1897	1957	F	60
Williamstown	1900	1957	M	57
Williamstown	1903	1957	F	54
Williamstown	1910	1957	M	47
North Adams	1873	1958	F	85
Williamstown	1876	1958	F	82
Williamstown	1880	1958	M	78
Williamstown	1887	1958	F	71
Williamstown	1896	1958	F	62
Williamstown	1906	1958	F	52
Williamstown	1922	1958	F	36
North Adams	1869	1959	M	90
Williamstown	1870	1959	F	89
Williamstown	1871	1959	F	88
Williamstown	1876	1959	M	83
Williamstown	1876	1959	F	83
North Adams	1878	1959	M	81
Williamstown	1883	1959	M	76
North Adams	1890	1959	F	69
Williamstown	1891	1959	F	68
North Adams	1899	1959	F	60
Williamstown	1902	1959	M	57
Williamstown	1867	1960	F	93
Williamstown	1873	1960	F	87
Williamstown	1879	1960	M	81
Williamstown	1884	1960	F	76
North Adams	1885	1960	M	75
Williamstown	1885	1960	M	75
Williamstown	1887	1960	M	73
Williamstown	1887	1960	M	73
North Adams	1889	1960	M	71
Williamstown	1891	1960	F	69
Williamstown	1894	1960	M	66
Williamstown	1903	1960	M	57
Williamstown	1908	1960	M	52
Williamstown	1909	1960	M	51
Williamstown	1869	1961	M	92
Williamstown	1879	1961	F	82
Williamstown	1886	1961	F	75
Williamstown	1890	1961	F	71
Williamstown	1892	1961	M	69
Williamstown	1895	1961	F	66
Williamstown	1897	1961	F	64
Williamstown	1912	1961	F	49
Williamstown	1932	1961	F	29
Williamstown	1944	1961	M	17
Williamstown	1961	1961	M	0
Williamstown	1872	1962	M	90
North Adams	1874	1962	F	88
Williamstown	1875	1962	M	87
Williamstown	1879	1962	F	83
North Adams	1879	1962	M	83
Williamstown	1883	1962	M	79
Williamstown	1887	1962	F	75
Williamstown	1889	1962	M	73
Williamstown	1890	1962	M	72
Williamstown	1890	1962	M	72
Williamstown	1890	1962	M	72
Williamstown	1890	1962	M	72
Williamstown	1908	1962	M	54
Williamstown	1917	1962	M	45
Williamstown	1917	1962	M	45
North Adams	1869	1963	F	94
Williamstown	1870	1963	M	93
Williamstown	1872	1963	F	91
North Adams	1878	1963	F	85
North Adams	1879	1963	F	84
Williamstown	1881	1963	M	82
Williamstown	1884	1963	M	79
Williamstown	1894	1963	M	69
Williamstown	1899	1963	M	64
Williamstown	1907	1963	M	56
Williamstown	1907	1963	M	56
Williamstown	1908	1963	F	55
Williamstown	1924	1963	F	39
Williamstown	1943	1963	F	20
Williamstown	1875	1964	F	89
Williamstown	1875	1964	F	89
Williamstown	1882	1964	M	82
Williamstown	1886	1964	M	78
Williamstown	1888	1964	M	76
Williamstown	1890	1964	M	74
Williamstown	1892	1964	M	72
Williamstown	1894	1964	F	70
Williamstown	1894	1964	F	70
Williamstown	1894	1964	F	70
Williamstown	1894	1964	M	70
Williamstown	1896	1964	M	68
Williamstown	1900	1964	M	64
Williamstown	1906	1964	F	58
Williamstown	1870	1965	F	95
Williamstown	1874	1965	M	91
Williamstown	1880	1965	F	85
Williamstown	1881	1965	F	84
Williamstown	1881	1965	M	84
North Adams	1882	1965	F	83
Williamstown	1883	1965	F	82
Williamstown	1886	1965	M	79
Williamstown	1890	1965	M	75
Williamstown	1895	1965	M	70
Williamstown	1895	1965	M	70
Williamstown	1897	1965	F	68
Williamstown	1899	1965	M	66
Williamstown	1900	1965	F	65
Williamstown	1900	1965	M	65
Williamstown	1905	1965	F	60
Williamstown	1905	1965	M	60
Williamstown	1905	1965	M	60
Williamstown	1907	1965	M	58
Williamstown	1907	1965	F	58
Williamstown	1907	1965	M	58
Williamstown	1918	1965	M	47
Williamstown	1921	1965		44
Williamstown	1943	1965	F	22
North Adams	1869	1966	M	97
Williamstown	1873	1966	M	93
Williamstown	1884	1966	F	82
North Adams	1888	1966	F	78
Williamstown	1894	1966	M	72
Williamstown	1898	1966	M	68
Williamstown	1900	1966	M	66
Williamstown	1901	1966	M	65
Williamstown	1901	1966	M	65
Williamstown	1901	1966	M	65
Williamstown	1907	1966	M	59
Williamstown	1918	1966	F	48
Williamstown	1936	1966	M	30
Williamstown	1937	1966	M	29
Williamstown	1940	1966	F	26
North Adams	1870	1967	F	97
Williamstown	1875	1967	F	92
Williamstown	1883	1967	M	84
Williamstown	1896	1967	M	71
Williamstown	1897	1967	M	70
Williamstown	1897	1967	M	70
Williamstown	1900	1967	F	67
Williamstown	1900	1967	F	67
Williamstown	1905	1967	M	62
Williamstown	1909	1967	M	58
Williamstown	1915	1967	M	52
Williamstown	1931	1967	M	36
Williamstown	1933	1967	F	34
Williamstown	1940	1967	M	27
North Adams	1881	1968	F	87
North Adams	1884	1968	F	84
Williamstown	1885	1968	F	83
Williamstown	1890	1968	M	78
Williamstown	1890	1968	M	78
Williamstown	1896	1968	M	72
Williamstown	1897	1968	F	71
Williamstown	1898	1968	F	70
Williamstown	1898	1968	M	70
Williamstown	1899	1968	M	69
Williamstown	1900	1968	F	68
Williamstown	1903	1968	M	65
Williamstown	1904	1968	M	64
Williamstown	1905	1968	F	63
Williamstown	1911	1968	M	57
Williamstown	1916	1968	M	52
Williamstown	1918	1968	M	50
Williamstown	1922	1968	F	46
Williamstown	1878	1969	F	91
Williamstown	1878	1969	F	91
Williamstown	1879	1969	F	90
Williamstown	1881	1969	F	88
Williamstown	1882	1969	F	87
Williamstown	1887	1969	F	82
Williamstown	1888	1969	F	81
Williamstown	1888	1969	F	81
Williamstown	1889	1969	M	80
Williamstown	1889	1969	M	80
Williamstown	1891	1969	F	78
Williamstown	1895	1969	F	74
Williamstown	1898	1969	M	71
Williamstown	1902	1969	F	67
Williamstown	1902	1969	M	67
Williamstown	1907	1969	M	62
Williamstown	1919	1969	M	50
Williamstown	1947	1969	M	22
Williamstown	1884	1970	F	86
North Adams	1886	1970	F	84
Williamstown	1889	1970	M	81
Williamstown	1897	1970	M	73
Williamstown	1897	1970	M	73
Williamstown	1898	1970	F	72
Williamstown	1899	1970	M	71
Williamstown	1900	1970	M	70
Williamstown	1902	1970	F	68
Williamstown	1902	1970	F	68
Williamstown	1903	1970	F	67
Williamstown	1908	1970	F	62
Williamstown	1911	1970	F	59
Williamstown	1926	1970	F	44
Williamstown	1933	1970	F	37
Williamstown	1944	1970	M	26
Williamstown	1904	1970	F	66
Williamstown	1879	1971	F	92
North Adams	1885	1971	M	86
Williamstown	1886	1971	F	85
Williamstown	1889	1971	M	82
Williamstown	1889	1971	F	82
Williamstown	1895	1971	F	76
Williamstown	1896	1971	F	75
Williamstown	1906	1971	F	65
Williamstown	1909	1971	F	62
Williamstown	1912	1971	F	59
Williamstown	1917	1971	F	54
Williamstown	1919	1971	F	52
Williamstown	1920	1971	F	51
Williamstown	1921	1971	M	50
Williamstown	1958	1971	F	13
Williamstown	1891	1972	M	81
Williamstown	1892	1972	M	80
Williamstown	1901	1972	M	71
Williamstown	1902	1972	M	70
Williamstown	1907	1972	F	65
Williamstown	1908	1972	F	64
Williamstown	1912	1972	M	60
Williamstown	1915	1972	M	57
Williamstown	1915	1972	M	57
Williamstown	1923	1972	F	49
Williamstown	1882	1973	F	91
Williamstown	1884	1973	M	89
Williamstown	1889	1973	F	84
Williamstown	1890	1973	M	83
Williamstown	1891	1973	M	82
Williamstown	1893	1973	M	80
Williamstown	1894	1973	F	79
Williamstown	1894	1973	F	79
Williamstown	1896	1973	M	77
Williamstown	1896	1973	M	77
Williamstown	1897	1973	F	76
Williamstown	1903	1973	M	70
Williamstown	1903	1973	F	70
Williamstown	1904	1973	F	69
Williamstown	1904	1973	M	69
Williamstown	1908	1973	F	65
Williamstown	1909	1973	M	64
Williamstown	1911	1973	M	62
Williamstown	1912	1973	M	61
Williamstown	1912	1973	M	61
Williamstown	1913	1973	M	60
Williamstown	1913	1973	M	60
Williamstown	1914	1973	F	59
Williamstown	1929	1973	M	44
Williamstown	1948	1973	M	25
Williamstown	1948	1973	M	25
Williamstown	1955	1973	M	18
Williamstown	1960	1973	F	13
Williamstown	1879	1974	F	95
Williamstown	1881	1974	F	93
Williamstown	1889	1974	F	85
Williamstown	1892	1974	F	82
Williamstown	1894	1974	M	80
Williamstown	1896	1974	F	78
Williamstown	1897	1974	M	77
Williamstown	1898	1974	F	76
Williamstown	1898	1974	F	76
Williamstown	1899	1974	F	75
Williamstown	1900	1974	M	74
Williamstown	1904	1974	M	70
Williamstown	1906	1974	M	68
Williamstown	1908	1974	F	66
Williamstown	1908	1974	M	66
Williamstown	1912	1974	M	62
Williamstown	1913	1974	F	61
North Adams	1913	1974	M	61
Williamstown	1915	1974	M	59
Williamstown	1916	1974	M	58
Williamstown	1927	1974	M	47
Williamstown	1930	1974	M	44
Williamstown	1934	1974	M	40
Williamstown	1942	1974	F	32
Williamstown	1974	1974	F	0
Williamstown	1882	1975	M	93
Williamstown	1886	1975	M	89
Williamstown	1887	1975	F	88
Williamstown	1888	1975	F	87
Williamstown	1889	1975	F	86
Williamstown	1894	1975	F	81
Williamstown	1894	1975	M	81
Williamstown	1896	1975	M	79
Williamstown	1896	1975	M	79
Williamstown	1897	1975	F	78
Williamstown	1897	1975	F	78
Williamstown	1900	1975	M	75
Williamstown	1901	1975	M	74
Williamstown	1904	1975	M	71
Williamstown	1914	1975	F	61
Williamstown	1940	1975	M	35
Williamstown	1961	1975	F	14
North Adams	1878	1976	F	98
Williamstown	1888	1976	F	88
Williamstown	1889	1976	F	87
Williamstown	1891	1976	M	85
Williamstown	1892	1976	M	84
Williamstown	1901	1976	F	75
Williamstown	1906	1976	M	70
Williamstown	1907	1976	M	69
Williamstown	1908	1976	M	68
Williamstown	1910	1976	M	66
Williamstown	1914	1976	F	62
Williamstown	1915	1976	M	61
Williamstown	1916	1976	F	60
Williamstown	1916	1976	M	60
Williamstown	1917	1976	F	59
Williamstown	1927	1976	F	49
Williamstown	1873	1977	F	104
Williamstown	1884	1977	M	93
Williamstown	1886	1977	F	91
Williamstown	1888	1977	F	89
Williamstown	1888	1977	M	89
Williamstown	1894	1977	M	83
Williamstown	1900	1977	M	77
Williamstown	1900	1977	M	77
Williamstown	1901	1977	F	76
Williamstown	1903	1977	M	74
Williamstown	1905	1977	M	72
Williamstown	1917	1977	F	60
Williamstown	1921	1977	M	56
Williamstown	1928	1977	M	49
Williamstown	1977	1977	M	0
Williamstown	1883	1978	M	95
Williamstown	1890	1978	F	88
Williamstown	1895	1978	F	83
Williamstown	1897	1978	M	81
Williamstown	1898	1978	F	80
Williamstown	1898	1978	M	80
Williamstown	1899	1978	M	79
Williamstown	1902	1978	F	76
Williamstown	1902	1978	M	76
Williamstown	1905	1978	F	73
Williamstown	1907	1978	F	71
Williamstown	1910	1978	F	68
Williamstown	1920	1978	F	58
Williamstown	1978	1978	M	0
Williamstown	1882	1979	F	97
Williamstown	1888	1979	F	91
Williamstown	1891	1979	F	88
Williamstown	1892	1979	F	87
Williamstown	1894	1979	M	85
Williamstown	1899	1979	M	80
Williamstown	1903	1979	M	76
Williamstown	1903	1979	F	76
Williamstown	1906	1979	M	73
Williamstown	1908	1979	F	71
Williamstown	1957	1979	F	22
Williamstown	1887	1980	F	93
Williamstown	1891	1980	F	89
Williamstown	1892	1980	M	88
Williamstown	1892	1980	F	88
Williamstown	1896	1980	M	84
Williamstown	1896	1980	F	84
Williamstown	1898	1980	F	82
Williamstown	1898	1980	F	82
Williamstown	1903	1980	M	77
Williamstown	1904	1980	M	76
Williamstown	1905	1980	F	75
Williamstown	1906	1980	F	74
Williamstown	1911	1980	M	69
Williamstown	1916	1980	F	64
Williamstown	1920	1980	F	60
Williamstown	1932	1980	F	48
Williamstown	1937	1980	M	43
Williamstown	1961	1980	M	19
Williamstown	1887	1981		94
Williamstown	1888	1981	F	93
Williamstown	1891	1981	F	90
Williamstown	1894	1981	F	87
Williamstown	1900	1981	M	81
Williamstown	1902	1981	F	79
Williamstown	1903	1981	M	78
Williamstown	1904	1981	M	77
North Adams	1906	1981	M	75
Williamstown	1906	1981		75
Williamstown	1907	1981	F	74
Williamstown	1910	1981	F	71
Williamstown	1912	1981	F	69
Williamstown	1913	1981	M	68
Williamstown	1913	1981	M	68
Williamstown	1913	1981	M	68
Williamstown	1914	1981	M	67
Williamstown	1919	1981	F	62
Williamstown	1925	1981	F	56
Williamstown	1925	1981	M	56
Williamstown	1928	1981	M	53
Williamstown	1931	1981	M	50
Williamstown	1931	1981	M	50
Williamstown	1961	1981	M	20
Williamstown	1888	1982	M	94
Williamstown	1888	1982	M	94
Williamstown	1894	1982	F	88
Williamstown	1898	1982	M	84
Williamstown	1900	1982	M	82
Williamstown	1902	1982	F	80
Williamstown	1902	1982	F	80
Williamstown	1906	1982	M	76
Williamstown	1907	1982	F	75
Williamstown	1911	1982	F	71
Williamstown	1911	1982	F	71
Williamstown	1912	1982	M	70
Williamstown	1913	1982	F	69
Williamstown	1915	1982	F	67
Williamstown	1919	1982	M	63
Williamstown	1920	1982	M	62
Williamstown	1921	1982	M	61
Williamstown	1922	1982	M	60
Williamstown	1922	1982	F	60
Williamstown	1931	1982	M	51
Williamstown	1934	1982	M	48
Williamstown	1957	1982	M	25
Williamstown	1982	1982	F	0
Williamstown	1892	1983		91
North Adams	1895	1983	F	88
Williamstown	1899	1983	F	84
Williamstown	1903	1983	F	80
Williamstown	1907	1983	M	76
Williamstown	1910	1983	M	73
Williamstown	1913	1983	M	70
Williamstown	1913	1983	M	70
Williamstown	1914	1983	F	69
Williamstown	1914	1983	M	69
Williamstown	1916	1983	M	67
Williamstown	1918	1983	M	65
Williamstown	1920	1983	M	63
Williamstown	1927	1983	M	56
Williamstown	1927	1983	F	56
Williamstown	1928	1983	M	55
Williamstown	1951	1983	F	32
Williamstown	1887	1984	F	97
Williamstown	1892	1984	M	92
Williamstown	1892	1984	M	92
Williamstown	1894	1984	M	90
Williamstown	1897	1984	F	87
Williamstown	1899	1984	F	85
Williamstown	1899	1984	F	85
Williamstown	1900	1984	M	84
North Adams	1902	1984	M	82
Williamstown	1902	1984	F	82
Williamstown	1902	1984	M	82
Williamstown	1905	1984	F	79
Williamstown	1906	1984	M	78
Williamstown	1907	1984	F	77
Williamstown	1907	1984	M	77
Williamstown	1910	1984	F	74
Williamstown	1911	1984	M	73
Williamstown	1912	1984	M	72
Williamstown	1915	1984	F	69
Williamstown	1916	1984	M	68
Williamstown	1932	1984	M	52
Williamstown	1955	1984	M	29
Williamstown	1964	1984	F	20
Williamstown	1984	1984	F	0
Williamstown	1891	1985	M	94
Williamstown	1892	1985	M	93
Williamstown	1896	1985	M	89
Williamstown	1896	1985	M	89
Williamstown	1898	1985	F	87
Williamstown	1903	1985	F	82
Williamstown	1905	1985	M	80
Williamstown	1905	1985	F	80
Williamstown	1906	1985	M	79
Williamstown	1915	1985	F	70
Williamstown	1915	1985	F	70
Williamstown	1915	1985	F	70
Williamstown	1924	1985	F	61
Williamstown	1927	1985	M	58
Williamstown	1928	1985	M	57
Williamstown	1928	1985		57
Williamstown	1939	1985	M	46
Williamstown	1975	1985	F	10
North Adams	1885	1986	M	101
Williamstown	1892	1986	M	94
Williamstown	1897	1986	F	89
Williamstown	1898	1986	M	88
Williamstown	1900	1986	F	86
Williamstown	1901	1986	M	85
Williamstown	1901	1986	M	85
Williamstown	1901	1986	M	85
Williamstown	1902	1986	M	84
Williamstown	1903	1986	F	83
Williamstown	1903	1986	M	83
Williamstown	1904	1986	F	82
Williamstown	1905	1986	F	81
Williamstown	1907	1986	F	79
Williamstown	1908	1986	M	78
Williamstown	1910	1986	M	76
Williamstown	1910	1986	M	76
Williamstown	1913	1986	M	73
Williamstown	1914	1986	M	72
Williamstown	1917	1986	M	69
Williamstown	1917	1986	M	69
Williamstown	1919	1986	F	67
Williamstown	1919	1986	F	67
Williamstown	1925	1986	M	61
Williamstown	1927	1986	M	59
Williamstown	1928	1986	F	58
Williamstown	1931	1986	M	55
Williamstown	1944	1986	M	42
Williamstown	1893	1987	F	94
North Adams	1896	1987	F	91
Williamstown	1896	1987	M	91
Williamstown	1899	1987	F	88
Williamstown	1899	1987	M	88
Williamstown	1900	1987	F	87
Williamstown	1902	1987	M	85
Williamstown	1904	1987	M	83
Williamstown	1904	1987	M	83
Williamstown	1905	1987	F	82
Williamstown	1906	1987	F	81
Williamstown	1907	1987	M	80
Williamstown	1908	1987		79
Williamstown	1910	1987	M	77
Williamstown	1910	1987	M	77
Williamstown	1913	1987	F	74
Williamstown	1914	1987		73
Williamstown	1920	1987	M	67
Williamstown	1923	1987	M	64
Williamstown	1925	1987	M	62
Williamstown	1927	1987	M	60
Williamstown	1966	1987	M	21
Williamstown	1984	1987	M	3
Williamstown	1962	1987	F	25
Williamstown	1887	1988	F	101
Williamstown	1894	1988	F	94
Williamstown	1898	1988	M	90
Williamstown	1902	1988	M	86
Williamstown	1903	1988	F	85
Williamstown	1905	1988	M	83
Williamstown	1906	1988	M	82
Williamstown	1912	1988	M	76
Williamstown	1915	1988	M	73
Williamstown	1923	1988	M	65
Williamstown	1926	1988	M	62
Williamstown	1927	1988	M	61
Williamstown	1928	1988	M	60
Williamstown	1961	1988	M	27
Williamstown	1972	1988	M	16
Williamstown	1892	1989	F	97
Williamstown	1894	1989	M	95
Williamstown	1898	1989	M	91
Williamstown	1898	1989	M	91
Williamstown	1899	1989	F	90
Williamstown	1903	1989	M	86
Williamstown	1904	1989	M	85
Williamstown	1907	1989	F	82
Williamstown	1907	1989	M	82
Williamstown	1908	1989	M	81
Williamstown	1908	1989	F	81
Williamstown	1910	1989	M	79
Williamstown	1910	1989	F	79
Williamstown	1911	1989	F	78
Williamstown	1911	1989	F	78
Williamstown	1912	1989	M	77
Williamstown	1914	1989	F	75
Williamstown	1915	1989	M	74
Williamstown	1915	1989	F	74
Williamstown	1924	1989	M	65
Williamstown	1926	1989	M	63
Williamstown	1934	1989	F	55
Williamstown	1938	1989	F	51
Williamstown	1948	1989	M	41
Williamstown	1964	1989	F	25
Williamstown	1966	1989	M	23
Williamstown	1897	1990	F	93
North Adams	1899	1990	F	91
North Adams	1900	1990	F	90
Williamstown	1904	1990	M	86
Williamstown	1907	1990	F	83
Williamstown	1909	1990	M	81
Williamstown	1909	1990	M	81
Williamstown	1909	1990	M	81
Williamstown	1911	1990	M	79
Williamstown	1912	1990	M	78
Williamstown	1913	1990	F	77
Williamstown	1915	1990	M	75
Williamstown	1915	1990	F	75
Williamstown	1915	1990	M	75
Williamstown	1922	1990	M	68
Williamstown	1922	1990	M	68
Williamstown	1923	1990	M	67
Williamstown	1923	1990	F	67
Williamstown	1923	1990	F	67
Williamstown	1929	1990	F	61
Williamstown	1929	1990	F	61
Williamstown	1932	1990	M	58
Williamstown	1958	1990	M	32
Williamstown	1900	1991	M	91
Williamstown	1906	1991	M	85
Williamstown	1907	1991	M	84
Williamstown	1907	1991	M	84
Williamstown	1909	1991	F	82
Williamstown	1909	1991	F	82
Williamstown	1911	1991	M	80
Williamstown	1911	1991	F	80
Williamstown	1913	1991	F	78
Williamstown	1914	1991	F	77
Williamstown	1914	1991	F	77
Williamstown	1914	1991	M	77
Williamstown	1923	1991	M	68
Williamstown	1926	1991	F	65
Williamstown	1927	1991	F	64
Williamstown	1930	1991	M	61
Williamstown	1932	1991	M	59
Williamstown	1933	1991	F	58
Williamstown	1937	1991	F	54
Williamstown	1891	1992	F	101
Williamstown	1892	1992	F	100
Williamstown	1895	1992	M	97
Williamstown	1897	1992	M	95
Williamstown	1904	1992	F	88
Williamstown	1905	1992	M	87
Williamstown	1910	1992	F	82
Williamstown	1910	1992	F	82
Williamstown	1914	1992	M	78
Williamstown	1914	1992	F	78
Williamstown	1918	1992	M	74
Williamstown	1921	1992	F	71
Williamstown	1931	1992	F	61
Williamstown	1933	1992	F	59
Williamstown	1936	1992	M	56
Williamstown	1941	1992	M	51
Williamstown	1898	1993	F	95
Williamstown	1899	1993	F	94
Williamstown	1902	1993	F	91
Williamstown	1905	1993	F	88
Williamstown	1905	1993	M	88
Williamstown	1905	1993	M	88
Williamstown	1906	1993	M	87
Williamstown	1907	1993	M	86
Williamstown	1908	1993	M	85
Williamstown	1909	1993	F	84
Williamstown	1912	1993	M	81
Williamstown	1912	1993	M	81
Williamstown	1913	1993	F	80
Williamstown	1915	1993	F	78
Williamstown	1916	1993	F	77
Williamstown	1917	1993	F	76
Williamstown	1921	1993	M	72
Williamstown	1922	1993	M	71
Williamstown	1922	1993	M	71
Williamstown	1923	1993	F	70
Williamstown	1923	1993	F	70
Williamstown	1923	1993	F	70
Williamstown	1924	1993	F	69
Williamstown	1924	1993	M	69
Williamstown	1927	1993	F	66
Williamstown	1935	1993	M	58
Williamstown	1936	1993		57
Williamstown	1971	1993	F	22
Williamstown	1975	1993	F	18
Williamstown	1895	1994	F	99
Williamstown	1897	1994	F	97
Williamstown	1897	1994	M	97
Williamstown	1907	1994	M	87
Williamstown	1909	1994	M	85
Williamstown	1910	1994	M	84
Williamstown	1910	1994	F	84
Williamstown	1912	1994		82
Williamstown	1914	1994	M	80
Williamstown	1914	1994	F	80
Williamstown	1917	1994	M	77
Williamstown	1918	1994	F	76
Williamstown	1919	1994	M	75
Williamstown	1922	1994	F	72
Williamstown	1922	1994	M	72
Williamstown	1923	1994	M	71
Williamstown	1924	1994	M	70
Williamstown	1928	1994		66
Williamstown	1932	1994	M	62
Williamstown	1935	1994	F	59
Williamstown	1940	1994	F	54
Williamstown	1943	1994	F	51
Williamstown	1985	1994	M	9
Williamstown	1903	1995		92
Williamstown	1907	1995	F	88
Williamstown	1907	1995	F	88
Williamstown	1908	1995	M	87
Williamstown	1915	1995	M	80
Williamstown	1916	1995	M	79
Williamstown	1916	1995	F	79
Williamstown	1920	1995	F	75
Williamstown	1921	1995	M	74
Williamstown	1922	1995	F	73
Williamstown	1924	1995	M	71
Williamstown	1930	1995	F	65
Williamstown	1931	1995	M	64
Williamstown	1932	1995	F	63
Williamstown	1939	1995	M	56
Williamstown	1902	1996	F	94
Williamstown	1903	1996	M	93
Williamstown	1904	1996	F	92
Williamstown	1906	1996	F	90
Williamstown	1910	1996	F	86
Williamstown	1910	1996	M	86
Williamstown	1910	1996	M	86
Williamstown	1912	1996	M	84
Williamstown	1914	1996	F	82
Williamstown	1915	1996	M	81
Williamstown	1916	1996	F	80
Williamstown	1916	1996	M	80
Williamstown	1917	1996	F	79
Williamstown	1917	1996	F	79
Williamstown	1918	1996	F	78
Williamstown	1918	1996	F	78
Williamstown	1918	1996	M	78
Williamstown	1922	1996	M	74
Williamstown	1923	1996	M	73
Williamstown	1923	1996	M	73
Williamstown	1925	1996	F	71
Williamstown	1925	1996	F	71
Williamstown	1927	1996	M	69
Williamstown	1927	1996	M	69
Williamstown	1927	1996	M	69
Williamstown	1928	1996	F	68
Williamstown	1934	1996	M	62
Williamstown	1940	1996	F	56
Williamstown	1948	1996	M	48
Williamstown	1952	1996	M	44
Williamstown	1974	1996	M	22
Williamstown	1901	1997	M	96
Williamstown	1904	1997	F	93
Williamstown	1904	1997	M	93
Williamstown	1908	1997	F	89
Williamstown	1909	1997	M	88
Williamstown	1912	1997	M	85
Williamstown	1912	1997	M	85
Williamstown	1914	1997	F	83
Williamstown	1914	1997	F	83
Williamstown	1916	1997	M	81
Williamstown	1916	1997	M	81
Williamstown	1919	1997	M	78
Williamstown	1919	1997	M	78
Williamstown	1924	1997	M	73
Williamstown	1930	1997	M	67
Williamstown	1932	1997	F	65
Williamstown	1943	1997	F	54
Williamstown	1896	1998	M	102
Williamstown	1903	1998	F	95
Williamstown	1906	1998	F	92
Williamstown	1910	1998	M	88
Williamstown	1914	1998	F	84
Williamstown	1917	1998	M	81
Williamstown	1923	1998	F	75
Williamstown	1924	1998	M	74
Williamstown	1925	1998	M	73
Williamstown	1927	1998	M	71
Williamstown	1930	1998	M	68
Williamstown	1932	1998	M	66
Williamstown	1932	1998	F	66
Williamstown	1944	1998	F	54
Williamstown	1950	1998	M	48
Williamstown	1956	1998	M	42
Williamstown	1902	1999	M	97
Williamstown	1905	1999	F	94
Williamstown	1905	1999	M	94
Williamstown	1906	1999	F	93
Williamstown	1908	1999	M	91
Williamstown	1908	1999	F	91
Williamstown	1908	1999	F	91
Williamstown	1910	1999	F	89
Williamstown	1912	1999	F	87
Williamstown	1912	1999	F	87
North Adams	1914	1999	F	85
Williamstown	1919	1999	M	80
Williamstown	1920	1999	M	79
Williamstown	1920	1999	M	79
Williamstown	1922	1999	F	77
Williamstown	1929	1999	F	70
Williamstown	1929	1999	F	70
Williamstown	1929	1999	M	70
Williamstown	1933	1999	M	66
Williamstown	1937	1999	M	62
Williamstown	1943	1999	M	56
Williamstown	1970	1999	M	29
Williamstown	1999	1999	F	0
Williamstown	1902	2000	F	98
Williamstown	1906	2000	F	94
Williamstown	1908	2000	F	92
Williamstown	1912	2000	F	88
Williamstown	1912	2000	F	88
Williamstown	1913	2000	M	87
Williamstown	1915	2000	M	85
Williamstown	1915	2000	M	85
Williamstown	1915	2000	M	85
Williamstown	1916	2000	M	84
Williamstown	1919	2000	F	81
Williamstown	1921	2000	F	79
Williamstown	1923	2000	F	77
Williamstown	1926	2000	M	74
Williamstown	1927	2000	F	73
Williamstown	1930	2000	M	70
Williamstown	1932	2000	M	68
Williamstown	1943	2000	F	57
Williamstown	1902	2001	M	99
Williamstown	1908	2001	F	93
Williamstown	1911	2001	F	90
Williamstown	1913	2001	F	88
Williamstown	1915	2001	F	86
Williamstown	1916	2001	F	85
Williamstown	1919	2001	F	82
Williamstown	1920	2001	M	81
Williamstown	1920	2001	M	81
Williamstown	1928	2001	M	73
Williamstown	1929	2001	M	72
Williamstown	1931	2001	M	70
Williamstown	1931	2001	M	70
Williamstown	1993	2001	F	8
Williamstown	1907	2002	M	95
Williamstown	1910	2002	M	92
Williamstown	1912	2002	F	90
Williamstown	1915	2002	F	87
Williamstown	1916	2002	F	86
Williamstown	1916	2002	F	86
Williamstown	1917	2002	M	85
Williamstown	1917	2002	M	85
Williamstown	1918	2002	F	84
Williamstown	1918	2002	F	84
Williamstown	1921	2002	F	81
Williamstown	1921	2002	M	81
Williamstown	1924	2002	M	78
Williamstown	1925	2002	F	77
Williamstown	1929	2002	F	73
Williamstown	1932	2002	F	70
Williamstown	1939	2002	F	63
Williamstown	1943	2002	M	59
Williamstown	1946	2002	M	56
Williamstown	1953	2002	M	49
Williamstown	1953	2002	F	49
Williamstown	1905	2003	F	98
Williamstown	1906	2003	M	97
Williamstown	1909	2003	M	94
Williamstown	1910	2003	M	93
Williamstown	1910	2003	M	93
Williamstown	1913	2003	F	90
Williamstown	1913	2003	M	90
Williamstown	1915	2003	M	88
Williamstown	1915	2003	M	88
Williamstown	1917	2003	M	86
Williamstown	1918	2003	M	85
Williamstown	1918	2003	F	85
Williamstown	1918	2003	M	85
Williamstown	1919	2003	F	84
Williamstown	1919	2003	M	84
Williamstown	1920	2003	M	83
Williamstown	1920	2003		83
Williamstown	1922	2003	M	81
Williamstown	1922	2003	M	81
Williamstown	1922	2003	M	81
Williamstown	1924	2003	F	79
Williamstown	1924	2003	F	79
Williamstown	1927	2003	M	76
North Adams	1927	2003	F	76
Williamstown	1931	2003	M	72
Williamstown	1931	2003	M	72
Williamstown	1931	2003	M	72
Williamstown	1935	2003	M	68
Williamstown	1970	2003	M	33
Williamstown	1908	2004	M	96
Williamstown	1909	2004	M	95
Williamstown	1911	2004	F	93
Williamstown	1912	2004	M	92
Williamstown	1913	2004	F	91
Williamstown	1913	2004	F	91
Williamstown	1915	2004	F	89
Williamstown	1915	2004	M	89
Williamstown	1916	2004	F	88
Williamstown	1916	2004	M	88
Williamstown	1916	2004	M	88
Williamstown	1916	2004		88
Williamstown	1921	2004	M	83
Williamstown	1923	2004	M	81
Williamstown	1924	2004	M	80
Williamstown	1928	2004	M	76
Williamstown	1929	2004	M	75
Williamstown	1932	2004	F	72
Williamstown	1936	2004	M	68
Williamstown	1940	2004	M	64
Williamstown	1950	2004	F	54
Williamstown	1964	2004	M	40
Williamstown	1967	2004	M	37
Williamstown	1978	2004	M	26
Williamstown	1914	2005	F	91
Williamstown	1914	2005	F	91
Williamstown	1915	2005	F	90
Williamstown	1915	2005	F	90
Williamstown	1917	2005	M	88
Williamstown	1917	2005	M	88
Williamstown	1917	2005	F	88
Williamstown	1918	2005	F	87
Williamstown	1918	2005	F	87
Williamstown	1919	2005	F	86
Williamstown	1920	2005	M	85
Williamstown	1921	2005	F	84
Williamstown	1922	2005	M	83
Williamstown	1923	2005	M	82
Williamstown	1925	2005	F	80
Williamstown	1925	2005	M	80
Williamstown	1927	2005	F	78
Williamstown	1928	2005	M	77
Williamstown	1931	2005	M	74
Williamstown	1931	2005	M	74
Williamstown	1934	2005	M	71
Williamstown	1935	2005	M	70
Williamstown	1938	2005	F	67
Williamstown	1939	2005	M	66
Williamstown	1940	2005	M	65
Williamstown	1942	2005	M	63
Williamstown	1947	2005	F	58
Williamstown	1952	2005	F	53
Williamstown	1954	2005	M	51
Williamstown	1956	2005	M	49
Williamstown	1960	2005	F	45
Williamstown	1969	2005	M	36
Williamstown	1907	2006	F	99
Williamstown	1910	2006	M	96
Williamstown	1913	2006	M	93
Williamstown	1913	2006		93
Williamstown	1918	2006	M	88
Williamstown	1925	2006	M	81
Williamstown	1925	2006	M	81
Williamstown	1925	2006	M	81
Williamstown	1927	2006	M	79
Williamstown	1929	2006	M	77
Williamstown	1930	2006	M	76
Williamstown	1930	2006	M	76
Williamstown	1931	2006	F	75
Williamstown	1933	2006	F	73
Williamstown	1935	2006	F	71
Williamstown	1936	2006	M	70
Williamstown	1941	2006	F	65
North Adams	1912	2007	M	95
Williamstown	1915	2007	F	92
Williamstown	1918	2007	M	89
Williamstown	1920	2007	M	87
Williamstown	1921	2007	M	86
Williamstown	1921	2007	F	86
Williamstown	1921	2007	M	86
Williamstown	1922	2007	M	85
North Adams	1924	2007	F	83
Williamstown	1927	2007	M	80
Williamstown	1930	2007	M	77
Williamstown	1930	2007	M	77
Williamstown	1930	2007	M	77
Williamstown	1933	2007		74
Williamstown	1948	2007		59
Williamstown	1950	2007	F	57
Williamstown	1950	2007	M	57
Williamstown	1908	2008	F	100
Williamstown	1909	2008	M	99
Williamstown	1911	2008	F	97
Williamstown	1916	2008	M	92
Williamstown	1919	2008	M	89
Williamstown	1919	2008	M	89
Williamstown	1921	2008	F	87
Williamstown	1921	2008	F	87
Williamstown	1922	2008	F	86
Williamstown	1925	2008	M	83
Williamstown	1928	2008	F	80
Williamstown	1929	2008	F	79
Williamstown	1930	2008	M	78
Williamstown	1938	2008	F	70
Williamstown	1944	2008	M	64
Williamstown	1947	2008	F	61
Williamstown	1947	2008	M	61
Williamstown	1987	2008	M	21
Williamstown	1914	2009	F	95
Williamstown	1916	2009	F	93
Williamstown	1920	2009	F	89
Williamstown	1920	2009	F	89
Williamstown	1920	2009	F	89
Williamstown	1921	2009	M	88
Williamstown	1922	2009	F	87
Williamstown	1924	2009	M	85
Williamstown	1924	2009	M	85
Williamstown	1924	2009	F	85
Williamstown	1926	2009	F	83
Williamstown	1926	2009	F	83
Williamstown	1927	2009	F	82
Williamstown	1928	2009		81
Williamstown	1931	2009	F	78
Williamstown	1931	2009	F	78
Williamstown	1934	2009	M	75
Williamstown	1955	2009	M	54
Williamstown	1911	2010	F	99
Williamstown	1911	2010	F	99
Williamstown	1912	2010	F	98
Williamstown	1914	2010		96
Williamstown	1915	2010	F	95
Williamstown	1917	2010	M	93
Williamstown	1919	2010	F	91
Williamstown	1919	2010	F	91
Williamstown	1922	2010	M	88
Williamstown	1922	2010		88
Williamstown	1923	2010	F	87
Williamstown	1930	2010	M	80
Williamstown	1930	2010		80
Williamstown	1935	2010	F	75
Williamstown	1943	2010	M	67
Williamstown	1944	2010		66
Williamstown	1910	2011	F	101
Williamstown	1914	2011	F	97
Williamstown	1918	2011	M	93
Williamstown	1920	2011	F	91
Williamstown	1927	2011	F	84
Williamstown	1927	2011	M	84
Williamstown	1927	2011		84
Williamstown	1928	2011	M	83
Williamstown	1939	2011	M	72
Williamstown	1940	2011	F	71
Williamstown	1943	2011	M	68
Williamstown	1959	2011	M	52
Williamstown	1914	2012	F	98
Williamstown	1916	2012	F	96
Williamstown	1919	2012	F	93
Williamstown	1920	2012	F	92
Williamstown	1920	2012	F	92
Williamstown	1922	2012		90
Williamstown	1923	2012	F	89
Williamstown	1924	2012	M	88
Williamstown	1925	2012	M	87
Williamstown	1925	2012	F	87
Williamstown	1926	2012	F	86
Williamstown	1926	2012	M	86
Williamstown	1927	2012	M	85
Williamstown	1927	2012	M	85
Williamstown	1932	2012	F	80
Williamstown	1932	2012	F	80
Williamstown	1935	2012	M	77
Williamstown	1935	2012	F	77
Williamstown	1935	2012	M	77
Williamstown	1942	2012	F	70
Williamstown	1942	2012		70
Williamstown	1946	2012	F	66
Williamstown	1951	2012	M	61
Williamstown	1914	2013		99
Williamstown	1915	2013	M	98
Williamstown	1920	2013	M	93
Williamstown	1920	2013	M	93
Williamstown	1921	2013	F	92
Williamstown	1922	2013	F	91
Williamstown	1923	2013	F	90
Williamstown	1923	2013	M	90
Williamstown	1924	2013	F	89
Williamstown	1924	2013	F	89
North Adams	1925	2013	M	88
Williamstown	1926	2013	M	87
Williamstown	1927	2013	M	86
Williamstown	1929	2013	F	84
Williamstown	1930	2013	F	83
Williamstown	1931	2013	M	82
Williamstown	1933	2013	M	80
Williamstown	1937	2013	M	76
Williamstown	1940	2013	M	73
Williamstown	1947	2013	F	66
Williamstown	1948	2013	M	65
Williamstown	1950	2013	F	63
Williamstown	1950	2013	F	63
Williamstown	1950	2013	M	63
Williamstown	1951	2013	M	62
Williamstown	1956	2013	F	57
Williamstown	1957	2013	F	56
Williamstown	1957	2013	F	56
Williamstown	1977	2013	F	36
Williamstown	1915	2014	M	99
Williamstown	1917	2014	F	97
Williamstown	1921	2014	F	93
Williamstown	1923	2014	F	91
Williamstown	1923	2014	M	91
Williamstown	1925	2014		89
Williamstown	1926	2014	F	88
Williamstown	1926	2014	F	88
Williamstown	1926	2014	F	88
Williamstown	1926	2014	M	88
Williamstown	1928	2014	F	86
Williamstown	1928	2014	M	86
Williamstown	1929	2014	F	85
Williamstown	1931	2014	F	83
Williamstown	1931	2014	F	83
Williamstown	1934	2014	M	80
Williamstown	1939	2014	F	75
Williamstown	1950	2014	M	64
Williamstown	1954	2014	F	60
Williamstown	1954	2014	M	60
Williamstown	1956	2014	M	58
Williamstown	1982	2014	M	32
Williamstown	1918	2015	F	97
Williamstown	1919	2015	M	96
Williamstown	1919	2015	M	96
Williamstown	1920	2015	M	95
Williamstown	1920	2015	M	95
Williamstown	1921	2015	F	94
Williamstown	1922	2015	F	93
Williamstown	1922	2015	F	93
Williamstown	1922	2015	F	93
Williamstown	1924	2015	F	91
Williamstown	1925	2015	F	90
Williamstown	1927	2015	M	88
Williamstown	1928	2015	M	87
Williamstown	1928	2015	M	87
Williamstown	1931	2015	M	84
Williamstown	1932	2015	M	83
Williamstown	1932	2015	F	83
Williamstown	1932	2015	F	83
Williamstown	1932	2015	M	83
Williamstown	1933	2015	F	82
Williamstown	1934	2015	M	81
Williamstown	1939	2015	M	76
Williamstown	1944	2015	F	71
Williamstown	1951	2015	M	64
Williamstown	1951	2015	M	64
Williamstown	1955	2015	F	60
Williamstown	1992	2015	M	23
Williamstown	1920	2016	F	96
Williamstown	1921	2016	M	95
Williamstown	1922	2016	M	94
Williamstown	1922	2016	M	94
Williamstown	1924	2016	F	92
Williamstown	1924	2016	F	92
Williamstown	1925	2016	F	91
Williamstown	1926	2016	F	90
Williamstown	1926	2016	M	90
Williamstown	1930	2016	F	86
Williamstown	1930	2016	F	86
Williamstown	1931	2016	M	85
Williamstown	1932	2016	M	84
Williamstown	1932	2016	M	84
Williamstown	1933	2016	F	83
Williamstown	1934	2016	M	82
Williamstown	1937	2016	F	79
Williamstown	1939	2016	M	77
Williamstown	1940	2016	M	76
Williamstown	1941	2016	F	75
Williamstown	1942	2016	F	74
Williamstown	1942	2016	M	74
Williamstown	1943	2016	F	73
Williamstown	1947	2016	M	69
Williamstown	1948	2016		68
Williamstown	1950	2016	M	66
Williamstown	1958	2016	M	58
Williamstown	1963	2016	M	53
Williamstown	1963	2016	M	53
Williamstown	1964	2016	F	52
Williamstown	1965	2016	M	51
Williamstown	1914	2017	F	103
Williamstown	1917	2017	M	100
Williamstown	1919	2017	F	98
Williamstown	1921	2017	F	96
Williamstown	1923	2017	F	94
Williamstown	1924	2017	M	93
Williamstown	1926	2017	F	91
Williamstown	1928	2017	F	89
Williamstown	1929	2017	M	88
Williamstown	1929	2017	F	88
Williamstown	1929	2017	M	88
Williamstown	1930	2017	M	87
Williamstown	1934	2017	M	83
Williamstown	1934	2017	M	83
Williamstown	1936	2017	F	81
Williamstown	1938	2017	F	79
Williamstown	1939	2017	M	78
Williamstown	1947	2017	F	70
Williamstown	1949	2017	M	68
Williamstown	1974	2017	M	43
Williamstown	1918	2018	F	100
Williamstown	1922	2018	F	96
Williamstown	1922	2018	M	96
Williamstown	1923	2018	M	95
Williamstown	1923	2018	M	95
Williamstown	1924	2018	M	94
Williamstown	1927	2018	M	91
Williamstown	1928	2018	M	90
Williamstown	1928	2018	F	90
Williamstown	1931	2018	F	87
Williamstown	1932	2018	M	86
Williamstown	1933	2018	M	85
Williamstown	1936	2018	M	82
Williamstown	1936	2018	M	82
Williamstown	1937	2018	M	81
Williamstown	1939	2018	M	79
Williamstown	1940	2018	M	78
Williamstown	1942	2018	M	76
Williamstown	1943	2018	M	75
Williamstown	1949	2018	M	69
Williamstown	1924	2019	M	95
Williamstown	1925	2019	F	94
Williamstown	1929	2019	M	90
Williamstown	1930	2019	M	89
Williamstown	1930	2019	F	89
Williamstown	1933	2019	F	86
Williamstown	1934	2019	F	85
Williamstown	1941	2019		78
Williamstown	1948	2019	M	71
Williamstown	1950	2019	F	69
Williamstown	1953	2019	M	66
Williamstown	1955	2019	M	64
Williamstown	1963	2019	F	56
Williamstown	1921	2020	F	99
Williamstown	1922	2020	F	98
Williamstown	1923	2020	F	97
Williamstown	1923	2020	M	97
Williamstown	1924	2020	F	96
Williamstown	1926	2020	F	94
Williamstown	1932	2020	F	88
Williamstown	1932	2020	F	88
Williamstown	1935	2020	M	85
Williamstown	1935	2020	F	85
Williamstown	1936	2020	M	84
Williamstown	1936	2020	M	84
Williamstown	1938	2020	M	82
Williamstown	1939	2020	M	81
Williamstown	1941	2020	M	79
Williamstown	1944	2020	M	76
Williamstown	1948	2020	F	72
Williamstown	1948	2020	M	72
Williamstown	1948	2020	M	72
Williamstown	1954	2020	M	66
Williamstown	1958	2020	M	62
Williamstown	1958	2020	F	62
Williamstown	1963	2020	M	57
Williamstown	1967	2020	M	53
Williamstown	1922	2021	F	99
Williamstown	1924	2021	F	97
Williamstown	1924	2021	F	97
Williamstown	1931	2021	M	90
Williamstown	1937	2021	M	84
Williamstown	1943	2021	M	78
Williamstown	1957	2021	F	64
Williamstown	2009	2021	M	12
Williamstown	1921	2022	F	101
Williamstown	1927	2022	M	95
Williamstown	1931	2022	M	91
Williamstown	1935	2022	M	87
Williamstown	1938	2022	M	84
Williamstown	1995	2022	M	27
Williamstown	1793	1815	M	22
Williamstown	1881	1883	F	2